test/00003135.jpg 13 7 32 6 34
test/00004882.jpg 7 13 32 34 6
test/00005544.jpg 13 7 34 32 6
test/00001722.jpg 13 7 32 34 6
test/00008060.jpg 7 13 6 34 32
test/00007353.jpg 7 13 34 6 32
test/00008706.jpg 7 13 6 34 32
test/00007435.jpg 13 7 34 6 32
test/00001044.jpg 13 7 34 6 32
test/00009418.jpg 7 13 32 34 6
test/00005222.jpg 7 13 34 6 32
test/00003653.jpg 7 13 34 6 32
test/00005236.jpg 7 13 32 34 6
test/00002559.jpg 13 7 34 6 32
test/00003647.jpg 13 7 34 6 32
test/00004128.jpg 13 7 34 32 6
test/00008712.jpg 13 7 34 32 6
test/00007421.jpg 13 7 34 32 6
test/00001050.jpg 7 13 6 34 32
test/00006059.jpg 7 13 6 34 68
test/00001736.jpg 13 7 32 34 6
